0 0.5388888888888889 0.6978193146417445 0.1711111111111111 0.14330218068535824
0 0.95 0.8364485981308412 0.09111111111111111 0.12149532710280374
0 0.5566666666666666 0.8084112149532711 0.10888888888888888 0.10903426791277258
0 0.45555555555555555 0.8161993769470405 0.1111111111111111 0.11838006230529595
0 0.3211111111111111 0.8099688473520249 0.10444444444444445 0.12461059190031153
0 0.21 0.7881619937694704 0.08666666666666667 0.11214953271028037
0 0.11777777777777777 0.7866043613707165 0.08888888888888889 0.10903426791277258
0 0.03111111111111111 0.7616822429906542 0.06222222222222222 0.09034267912772585
0 0.36 0.6713395638629284 0.10666666666666667 0.11526479750778816
0 0.2644444444444444 0.6713395638629284 0.08888888888888889 0.102803738317757
0 0.17222222222222222 0.661993769470405 0.09555555555555556 0.11526479750778816
0 0.09 0.6635514018691588 0.06444444444444444 0.09968847352024922
