0 0.774 0.7275280898876404 0.296 0.33707865168539325
0 0.788 0.40730337078651685 0.312 0.2640449438202247
0 0.721 0.14887640449438203 0.414 0.2696629213483146
0 0.479 0.2247191011235955 0.266 0.28651685393258425
0 0.323 0.3258426966292135 0.222 0.1404494382022472
0 0.143 0.21207865168539325 0.166 0.36235955056179775
0 0.53 0.5028089887640449 0.348 0.28651685393258425
0 0.593 0.776685393258427 0.282 0.27247191011235955
0 0.245 0.7626404494382022 0.346 0.3342696629213483
0 0.192 0.550561797752809 0.328 0.33146067415730335
