0 0.6162109375 0.4189453125 0.236328125 0.23046875
0 0.29150390625 0.388671875 0.1787109375 0.302734375
0 0.15283203125 0.44482421875 0.1826171875 0.2998046875
0 0.26904296875 0.75537109375 0.2724609375 0.2353515625
0 0.6435546875 0.0908203125 0.291015625 0.115234375
0 0.90625 0.14111328125 0.15234375 0.2470703125
0 0.5078125 0.64501953125 0.302734375 0.1513671875
0 0.5546875 0.7744140625 0.326171875 0.1875
0 0.650390625 0.90185546875 0.232421875 0.1865234375
0 0.57568359375 0.25439453125 0.3369140625 0.1279296875
