0 0.9032051282051282 0.7123287671232876 0.17564102564102563 0.4383561643835616
0 0.9064102564102564 0.3504566210045662 0.18205128205128204 0.2853881278538813
0 0.9128205128205128 0.09703196347031963 0.12564102564102564 0.16666666666666666
0 0.7333333333333333 0.2568493150684932 0.2076923076923077 0.3447488584474886
0 0.6705128205128205 0.7317351598173516 0.25384615384615383 0.4589041095890411
0 0.5057692307692307 0.6678082191780822 0.24743589743589745 0.632420091324201
0 0.24102564102564103 0.6917808219178082 0.2512820512820513 0.5570776255707762
0 0.06923076923076923 0.7842465753424658 0.12307692307692308 0.4041095890410959
0 0.3576923076923077 0.2705479452054795 0.15897435897435896 0.3401826484018265
0 0.5814102564102565 0.1598173515981735 0.18846153846153846 0.3013698630136986
0 0.24294871794871795 0.11073059360730593 0.14487179487179488 0.18949771689497716
