0 0.90625 0.6209677419354839 0.138671875 0.22434017595307917
0 0.716796875 0.8797653958944281 0.466796875 0.22580645161290322
0 0.73583984375 0.5645161290322581 0.1962890625 0.20821114369501467
0 0.51953125 0.5542521994134897 0.16015625 0.2873900293255132
0 0.3212890625 0.6290322580645161 0.197265625 0.26099706744868034
0 0.0517578125 0.656891495601173 0.09765625 0.2404692082111437
0 0.1162109375 0.3563049853372434 0.177734375 0.18181818181818182
0 0.3359375 0.3416422287390029 0.12109375 0.13196480938416422
0 0.53759765625 0.28885630498533726 0.1982421875 0.19941348973607037
0 0.7822265625 0.24853372434017595 0.212890625 0.2126099706744868
0 0.7568359375 0.10043988269794721 0.17578125 0.12463343108504399
0 0.52734375 0.09017595307917889 0.126953125 0.13636363636363635
0 0.3291015625 0.12390029325513197 0.091796875 0.1187683284457478
0 0.15966796875 0.13563049853372433 0.1708984375 0.1774193548387097
