0 0.25666666666666665 0.1375 0.48 0.25053191489361704
0 0.4979166666666667 0.2077127659574468 0.48583333333333334 0.1196808510638298
0 0.74125 0.1348404255319149 0.5125 0.24095744680851064
0 0.8904166666666666 0.4103723404255319 0.1075 0.21223404255319148
0 0.7233333333333334 0.4047872340425532 0.21166666666666667 0.2297872340425532
0 0.17208333333333334 0.4340425531914894 0.29583333333333334 0.2351063829787234
0 0.4633333333333333 0.41648936170212764 0.25166666666666665 0.26595744680851063
0 0.7345833333333334 0.6816489361702127 0.4841666666666667 0.20053191489361702
0 0.23916666666666667 0.6632978723404256 0.41833333333333333 0.24468085106382978
0 0.24333333333333335 0.8736702127659575 0.4216666666666667 0.17393617021276594
