0 0.27945205479452057 0.123 0.33972602739726027 0.166
0 0.25753424657534246 0.264 0.3232876712328767 0.152
0 0.25753424657534246 0.432 0.3726027397260274 0.188
0 0.28356164383561644 0.637 0.336986301369863 0.194
0 0.29863013698630136 0.844 0.2958904109589041 0.18
0 0.7493150684931507 0.849 0.3698630136986301 0.222
0 0.689041095890411 0.631 0.43561643835616437 0.21
0 0.684931506849315 0.438 0.39452054794520547 0.2
0 0.6616438356164384 0.271 0.3863013698630137 0.174
0 0.6342465753424658 0.109 0.34794520547945207 0.182
