0 0.812 0.1427061310782241 0.288 0.18816067653276955
0 0.793 0.3456659619450317 0.218 0.16279069767441862
0 0.798 0.5983086680761099 0.264 0.23255813953488372
0 0.713 0.8498942917547568 0.338 0.27061310782241016
0 0.326 0.8446088794926004 0.376 0.2727272727272727
0 0.515 0.5856236786469344 0.326 0.2452431289640592
0 0.507 0.36152219873150104 0.318 0.24101479915433405
0 0.505 0.12896405919661733 0.322 0.2452431289640592
0 0.2 0.1331923890063425 0.32 0.24101479915433405
0 0.157 0.3372093023255814 0.29 0.226215644820296
0 0.165 0.5782241014799154 0.314 0.24312896405919662
